1.000000 0.000000 -1.000000 -1.000000
1.000000 0.174533 -1.000000 -1.000000
1.000000 0.349066 -1.000000 -1.000000
1.000000 0.523599 -1.000000 -1.000000
1.000000 0.698132 -1.000000 -1.000000
1.000000 0.872665 -1.000000 -1.000000
1.000000 1.047198 -1.000000 -1.000000
1.000000 1.221730 -1.000000 -1.000000
1.000000 1.396263 -1.000000 -1.000000
1.000000 1.570796 -1.000000 -1.000000
1.000000 1.745329 -1.000000 -1.000000
1.000000 1.919862 -1.000000 -1.000000
1.000000 2.094395 -1.000000 -1.000000
1.000000 2.268928 -1.000000 -1.000000
1.000000 2.443461 -1.000000 -1.000000
1.000000 2.617994 -1.000000 -1.000000
1.000000 2.792527 -1.000000 -1.000000
1.000000 2.967060 -1.000000 -1.000000
1.000000 3.141593 -1.000000 -1.000000
56.500000 0.000000 -1.000000 -1.000000
56.500000 0.174533 -1.000000 -1.000000
56.500000 0.349066 -1.000000 -1.000000
56.500000 0.523599 -1.000000 -1.000000
56.500000 0.698132 -1.000000 -1.000000
56.500000 0.872665 -1.000000 -1.000000
56.500000 1.047198 -1.000000 -1.000000
56.500000 1.221730 -1.000000 -1.000000
56.500000 1.396263 -1.000000 -1.000000
56.500000 1.570796 -1.000000 -1.000000
56.500000 1.745329 -1.000000 -1.000000
56.500000 1.919862 -1.000000 -1.000000
56.500000 2.094395 -1.000000 -1.000000
56.500000 2.268928 -1.000000 -1.000000
56.500000 2.443461 -1.000000 -1.000000
56.500000 2.617994 -1.000000 -1.000000
56.500000 2.792527 -1.000000 -1.000000
56.500000 2.967060 -1.000000 -1.000000
56.500000 3.141593 -1.000000 -1.000000
112.000000 0.000000 -1.000000 -1.000000
112.000000 0.174533 -1.000000 -1.000000
112.000000 0.349066 -1.000000 -1.000000
112.000000 0.523599 -1.000000 -1.000000
112.000000 0.698132 -1.000000 -1.000000
112.000000 0.872665 -1.000000 -1.000000
112.000000 1.047198 -1.000000 -1.000000
112.000000 1.221730 -1.000000 -1.000000
112.000000 1.396263 -1.000000 -1.000000
112.000000 1.570796 -1.000000 -1.000000
112.000000 1.745329 -1.000000 -1.000000
112.000000 1.919862 -1.000000 -1.000000
112.000000 2.094395 -1.000000 -1.000000
112.000000 2.268928 -1.000000 -1.000000
112.000000 2.443461 -1.000000 -1.000000
112.000000 2.617994 -1.000000 -1.000000
112.000000 2.792527 -1.000000 -1.000000
112.000000 2.967060 -1.000000 -1.000000
112.000000 3.141593 -1.000000 -1.000000
167.500000 0.000000 -1.000000 -1.000000
167.500000 0.174533 -1.000000 -1.000000
167.500000 0.349066 -1.000000 -1.000000
167.500000 0.523599 -1.000000 -1.000000
167.500000 0.698132 -1.000000 -1.000000
167.500000 0.872665 -1.000000 -1.000000
167.500000 1.047198 -1.000000 -1.000000
167.500000 1.221730 -1.000000 -1.000000
167.500000 1.396263 -1.000000 -1.000000
167.500000 1.570796 -1.000000 -1.000000
167.500000 1.745329 -1.000000 -1.000000
167.500000 1.919862 -1.000000 -1.000000
167.500000 2.094395 -1.000000 -1.000000
167.500000 2.268928 -1.000000 -1.000000
167.500000 2.443461 -1.000000 -1.000000
167.500000 2.617994 -1.000000 -1.000000
167.500000 2.792527 -1.000000 -1.000000
167.500000 2.967060 -1.000000 -1.000000
167.500000 3.141593 -1.000000 -1.000000
223.000000 0.000000 -1.000000 -1.000000
223.000000 0.174533 -1.000000 -1.000000
223.000000 0.349066 -1.000000 -1.000000
223.000000 0.523599 -1.000000 -1.000000
223.000000 0.698132 -1.000000 -1.000000
223.000000 0.872665 -1.000000 -1.000000
223.000000 1.047198 -1.000000 -1.000000
223.000000 1.221730 -1.000000 -1.000000
223.000000 1.396263 -1.000000 -1.000000
223.000000 1.570796 -1.000000 -1.000000
223.000000 1.745329 -1.000000 -1.000000
223.000000 1.919862 -1.000000 -1.000000
223.000000 2.094395 -1.000000 -1.000000
223.000000 2.268928 -1.000000 -1.000000
223.000000 2.443461 -1.000000 -1.000000
223.000000 2.617994 -1.000000 -1.000000
223.000000 2.792527 -1.000000 -1.000000
223.000000 2.967060 -1.000000 -1.000000
223.000000 3.141593 -1.000000 -1.000000
278.500000 0.000000 -1.000000 -1.000000
278.500000 0.174533 -1.000000 -1.000000
278.500000 0.349066 -1.000000 -1.000000
278.500000 0.523599 -1.000000 -1.000000
278.500000 0.698132 -1.000000 -1.000000
278.500000 0.872665 -1.000000 -1.000000
278.500000 1.047198 -1.000000 -1.000000
278.500000 1.221730 -1.000000 -1.000000
278.500000 1.396263 -1.000000 -1.000000
278.500000 1.570796 -1.000000 -1.000000
278.500000 1.745329 -1.000000 -1.000000
278.500000 1.919862 -1.000000 -1.000000
278.500000 2.094395 -1.000000 -1.000000
278.500000 2.268928 -1.000000 -1.000000
278.500000 2.443461 -1.000000 -1.000000
278.500000 2.617994 -1.000000 -1.000000
278.500000 2.792527 -1.000000 -1.000000
278.500000 2.967060 -1.000000 -1.000000
278.500000 3.141593 -1.000000 -1.000000
334.000000 0.000000 -1.000000 -1.000000
334.000000 0.174533 -1.000000 -1.000000
334.000000 0.349066 -1.000000 -1.000000
334.000000 0.523599 -1.000000 -1.000000
334.000000 0.698132 -1.000000 -1.000000
334.000000 0.872665 -1.000000 -1.000000
334.000000 1.047198 -1.000000 -1.000000
334.000000 1.221730 -1.000000 -1.000000
334.000000 1.396263 -1.000000 -1.000000
334.000000 1.570796 -1.000000 -1.000000
334.000000 1.745329 -1.000000 -1.000000
334.000000 1.919862 -1.000000 -1.000000
334.000000 2.094395 -1.000000 -1.000000
334.000000 2.268928 -1.000000 -1.000000
334.000000 2.443461 -1.000000 -1.000000
334.000000 2.617994 -1.000000 -1.000000
334.000000 2.792527 -1.000000 -1.000000
334.000000 2.967060 -1.000000 -1.000000
334.000000 3.141593 -1.000000 -1.000000
389.500000 0.000000 -1.000000 -1.000000
389.500000 0.174533 -1.000000 -1.000000
389.500000 0.349066 -1.000000 -1.000000
389.500000 0.523599 -1.000000 -1.000000
389.500000 0.698132 -1.000000 -1.000000
389.500000 0.872665 -1.000000 -1.000000
389.500000 1.047198 -1.000000 -1.000000
389.500000 1.221730 -1.000000 -1.000000
389.500000 1.396263 -1.000000 -1.000000
389.500000 1.570796 -1.000000 -1.000000
389.500000 1.745329 -1.000000 -1.000000
389.500000 1.919862 -1.000000 -1.000000
389.500000 2.094395 -1.000000 -1.000000
389.500000 2.268928 -1.000000 -1.000000
389.500000 2.443461 -1.000000 -1.000000
389.500000 2.617994 -1.000000 -1.000000
389.500000 2.792527 -1.000000 -1.000000
389.500000 2.967060 -1.000000 -1.000000
389.500000 3.141593 -1.000000 -1.000000
445.000000 0.000000 -1.000000 -1.000000
445.000000 0.174533 -1.000000 -1.000000
445.000000 0.349066 -1.000000 -1.000000
445.000000 0.523599 -1.000000 -1.000000
445.000000 0.698132 -1.000000 -1.000000
445.000000 0.872665 -1.000000 -1.000000
445.000000 1.047198 -1.000000 -1.000000
445.000000 1.221730 -1.000000 -1.000000
445.000000 1.396263 -1.000000 -1.000000
445.000000 1.570796 -1.000000 -1.000000
445.000000 1.745329 -1.000000 -1.000000
445.000000 1.919862 -1.000000 -1.000000
445.000000 2.094395 -1.000000 -1.000000
445.000000 2.268928 -1.000000 -1.000000
445.000000 2.443461 -1.000000 -1.000000
445.000000 2.617994 -1.000000 -1.000000
445.000000 2.792527 -1.000000 -1.000000
445.000000 2.967060 -1.000000 -1.000000
445.000000 3.141593 -1.000000 -1.000000
500.500000 0.000000 -1.000000 -1.000000
500.500000 0.174533 -1.000000 -1.000000
500.500000 0.349066 -1.000000 -1.000000
500.500000 0.523599 -1.000000 -1.000000
500.500000 0.698132 -1.000000 -1.000000
500.500000 0.872665 -1.000000 -1.000000
500.500000 1.047198 -1.000000 -1.000000
500.500000 1.221730 -1.000000 -1.000000
500.500000 1.396263 -1.000000 -1.000000
500.500000 1.570796 -1.000000 -1.000000
500.500000 1.745329 -1.000000 -1.000000
500.500000 1.919862 -1.000000 -1.000000
500.500000 2.094395 -1.000000 -1.000000
500.500000 2.268928 -1.000000 -1.000000
500.500000 2.443461 -1.000000 -1.000000
500.500000 2.617994 -1.000000 -1.000000
500.500000 2.792527 -1.000000 -1.000000
500.500000 2.967060 -1.000000 -1.000000
500.500000 3.141593 -1.000000 -1.000000
556.000000 0.000000 -1.000000 -1.000000
556.000000 0.174533 -1.000000 -1.000000
556.000000 0.349066 -1.000000 -1.000000
556.000000 0.523599 -1.000000 -1.000000
556.000000 0.698132 -1.000000 -1.000000
556.000000 0.872665 -1.000000 -1.000000
556.000000 1.047198 -1.000000 -1.000000
556.000000 1.221730 -1.000000 -1.000000
556.000000 1.396263 -1.000000 -1.000000
556.000000 1.570796 -1.000000 -1.000000
556.000000 1.745329 -1.000000 -1.000000
556.000000 1.919862 -1.000000 -1.000000
556.000000 2.094395 -1.000000 -1.000000
556.000000 2.268928 -1.000000 -1.000000
556.000000 2.443461 -1.000000 -1.000000
556.000000 2.617994 -1.000000 -1.000000
556.000000 2.792527 -1.000000 -1.000000
556.000000 2.967060 -1.000000 -1.000000
556.000000 3.141593 -1.000000 -1.000000
611.500000 0.000000 -1.000000 -1.000000
611.500000 0.174533 -1.000000 -1.000000
611.500000 0.349066 -1.000000 -1.000000
611.500000 0.523599 -1.000000 -1.000000
611.500000 0.698132 -1.000000 -1.000000
611.500000 0.872665 -1.000000 -1.000000
611.500000 1.047198 -1.000000 -1.000000
611.500000 1.221730 -1.000000 -1.000000
611.500000 1.396263 -1.000000 -1.000000
611.500000 1.570796 -1.000000 -1.000000
611.500000 1.745329 -1.000000 -1.000000
611.500000 1.919862 -1.000000 -1.000000
611.500000 2.094395 -1.000000 -1.000000
611.500000 2.268928 -1.000000 -1.000000
611.500000 2.443461 -1.000000 -1.000000
611.500000 2.617994 -1.000000 -1.000000
611.500000 2.792527 -1.000000 -1.000000
611.500000 2.967060 -1.000000 -1.000000
611.500000 3.141593 -1.000000 -1.000000
667.000000 0.000000 -1.000000 -1.000000
667.000000 0.174533 -1.000000 -1.000000
667.000000 0.349066 -1.000000 -1.000000
667.000000 0.523599 -1.000000 -1.000000
667.000000 0.698132 -1.000000 -1.000000
667.000000 0.872665 -1.000000 -1.000000
667.000000 1.047198 -1.000000 -1.000000
667.000000 1.221730 -1.000000 -1.000000
667.000000 1.396263 -1.000000 -1.000000
667.000000 1.570796 -1.000000 -1.000000
667.000000 1.745329 -1.000000 -1.000000
667.000000 1.919862 -1.000000 -1.000000
667.000000 2.094395 -1.000000 -1.000000
667.000000 2.268928 -1.000000 -1.000000
667.000000 2.443461 -1.000000 -1.000000
667.000000 2.617994 -1.000000 -1.000000
667.000000 2.792527 -1.000000 -1.000000
667.000000 2.967060 -1.000000 -1.000000
667.000000 3.141593 -1.000000 -1.000000
722.500000 0.000000 -1.000000 -1.000000
722.500000 0.174533 -1.000000 -1.000000
722.500000 0.349066 -1.000000 -1.000000
722.500000 0.523599 -1.000000 -1.000000
722.500000 0.698132 -1.000000 -1.000000
722.500000 0.872665 -1.000000 -1.000000
722.500000 1.047198 -1.000000 -1.000000
722.500000 1.221730 -1.000000 -1.000000
722.500000 1.396263 -1.000000 -1.000000
722.500000 1.570796 -1.000000 -1.000000
722.500000 1.745329 -1.000000 -1.000000
722.500000 1.919862 -1.000000 -1.000000
722.500000 2.094395 -1.000000 -1.000000
722.500000 2.268928 -1.000000 -1.000000
722.500000 2.443461 -1.000000 -1.000000
722.500000 2.617994 -1.000000 -1.000000
722.500000 2.792527 -1.000000 -1.000000
722.500000 2.967060 -1.000000 -1.000000
722.500000 3.141593 -1.000000 -1.000000
778.000000 0.000000 -1.000000 -1.000000
778.000000 0.174533 -1.000000 -1.000000
778.000000 0.349066 -1.000000 -1.000000
778.000000 0.523599 -1.000000 -1.000000
778.000000 0.698132 -1.000000 -1.000000
778.000000 0.872665 -1.000000 -1.000000
778.000000 1.047198 -1.000000 -1.000000
778.000000 1.221730 -1.000000 -1.000000
778.000000 1.396263 -1.000000 -1.000000
778.000000 1.570796 -1.000000 -1.000000
778.000000 1.745329 -1.000000 -1.000000
778.000000 1.919862 -1.000000 -1.000000
778.000000 2.094395 -1.000000 -1.000000
778.000000 2.268928 -1.000000 -1.000000
778.000000 2.443461 -1.000000 -1.000000
778.000000 2.617994 -1.000000 -1.000000
778.000000 2.792527 -1.000000 -1.000000
778.000000 2.967060 -1.000000 -1.000000
778.000000 3.141593 -1.000000 -1.000000
833.500000 0.000000 -1.000000 -1.000000
833.500000 0.174533 -1.000000 -1.000000
833.500000 0.349066 -1.000000 -1.000000
833.500000 0.523599 -1.000000 -1.000000
833.500000 0.698132 -1.000000 -1.000000
833.500000 0.872665 -1.000000 -1.000000
833.500000 1.047198 -1.000000 -1.000000
833.500000 1.221730 -1.000000 -1.000000
833.500000 1.396263 -1.000000 -1.000000
833.500000 1.570796 -1.000000 -1.000000
833.500000 1.745329 -1.000000 -1.000000
833.500000 1.919862 -1.000000 -1.000000
833.500000 2.094395 -1.000000 -1.000000
833.500000 2.268928 -1.000000 -1.000000
833.500000 2.443461 -1.000000 -1.000000
833.500000 2.617994 -1.000000 -1.000000
833.500000 2.792527 -1.000000 -1.000000
833.500000 2.967060 -1.000000 -1.000000
833.500000 3.141593 -1.000000 -1.000000
889.000000 0.000000 -1.000000 -1.000000
889.000000 0.174533 -1.000000 -1.000000
889.000000 0.349066 -1.000000 -1.000000
889.000000 0.523599 -1.000000 -1.000000
889.000000 0.698132 -1.000000 -1.000000
889.000000 0.872665 -1.000000 -1.000000
889.000000 1.047198 -1.000000 -1.000000
889.000000 1.221730 -1.000000 -1.000000
889.000000 1.396263 -1.000000 -1.000000
889.000000 1.570796 -1.000000 -1.000000
889.000000 1.745329 -1.000000 -1.000000
889.000000 1.919862 -1.000000 -1.000000
889.000000 2.094395 -1.000000 -1.000000
889.000000 2.268928 -1.000000 -1.000000
889.000000 2.443461 -1.000000 -1.000000
889.000000 2.617994 -1.000000 -1.000000
889.000000 2.792527 -1.000000 -1.000000
889.000000 2.967060 -1.000000 -1.000000
889.000000 3.141593 -1.000000 -1.000000
944.500000 0.000000 -1.000000 -1.000000
944.500000 0.174533 -1.000000 -1.000000
944.500000 0.349066 -1.000000 -1.000000
944.500000 0.523599 -1.000000 -1.000000
944.500000 0.698132 -1.000000 -1.000000
944.500000 0.872665 -1.000000 -1.000000
944.500000 1.047198 -1.000000 -1.000000
944.500000 1.221730 -1.000000 -1.000000
944.500000 1.396263 -1.000000 -1.000000
944.500000 1.570796 -1.000000 -1.000000
944.500000 1.745329 -1.000000 -1.000000
944.500000 1.919862 -1.000000 -1.000000
944.500000 2.094395 -1.000000 -1.000000
944.500000 2.268928 -1.000000 -1.000000
944.500000 2.443461 -1.000000 -1.000000
944.500000 2.617994 -1.000000 -1.000000
944.500000 2.792527 -1.000000 -1.000000
944.500000 2.967060 -1.000000 -1.000000
944.500000 3.141593 -1.000000 -1.000000
1000.000000 0.000000 -1.000000 -1.000000
1000.000000 0.174533 -1.000000 -1.000000
1000.000000 0.349066 -1.000000 -1.000000
1000.000000 0.523599 -1.000000 -1.000000
1000.000000 0.698132 -1.000000 -1.000000
1000.000000 0.872665 -1.000000 -1.000000
1000.000000 1.047198 -1.000000 -1.000000
1000.000000 1.221730 -1.000000 -1.000000
1000.000000 1.396263 -1.000000 -1.000000
1000.000000 1.570796 -1.000000 -1.000000
1000.000000 1.745329 -1.000000 -1.000000
1000.000000 1.919862 -1.000000 -1.000000
1000.000000 2.094395 -1.000000 -1.000000
1000.000000 2.268928 -1.000000 -1.000000
1000.000000 2.443461 -1.000000 -1.000000
1000.000000 2.617994 -1.000000 -1.000000
1000.000000 2.792527 -1.000000 -1.000000
1000.000000 2.967060 -1.000000 -1.000000
1000.000000 3.141593 -1.000000 -1.000000
